P0: 360.00000000000006 0.0 360.0 0.0 0.0 360.00000000000006 180.0 0.0 0.0 0.0 1.0 0.0
P1: 360.00000000000006 0.0 360.0 0.0 0.0 360.00000000000006 180.0 0.0 0.0 0.0 1.0 0.0
P2: 360.00000000000006 0.0 360.0 0.0 0.0 360.00000000000006 180.0 0.0 0.0 0.0 1.0 0.0
P3: 360.00000000000006 0.0 360.0 0.0 0.0 360.00000000000006 180.0 0.0 0.0 0.0 1.0 0.0
R0_rect: 1.0 0.0 0.0 0.0 1.0 0.0 0.0 0.0 1.0
Tr_velo_to_cam: 0.0 -1.0 0.0 0.0 0.0 0.0 -1.0 0.0 1.0 0.0 0.0 0.0
TR_imu_to_velo: 1.0 0.0 0.0 0.0 0.0 1.0 0.0 0.0 0.0 0.0 1.0 0.0
